TTbar_Signal 145020000 144434424 585576 143848848 831.76 0.10706
DYJetsToLL_M_10To50 96975805 84849459 12126346 72723113 22635.1 1.
DYJetsToLL_M-50 195510810 163541632 31969178 132322003 6225.4 1.
TTbar_AllHadronic 334206000 332856097 1349903 331506194 831.76 0.45441
TTbar_SemiLeptonic 476408000 474482815 1925185 472557630 831.76 0.44113
TTJets_Inclusive 304895029 207755084 97139945 110615139 831.76 1.
WJetsToLNu 29117828 24546398 4571430 19974968 61526.7 1.
WJetsToLNu-madgraphMLM 79645994 79645994 0 79645994 61526.7 1.
WW 15679000 15679000 0 15679000 118.7 1.
WZ 7940000 7940000 0 7940000 47.13 1.
ZZ 3526000 3526000 0 3526000 16.523 1.
ST_s-channel_4f_leptonDecays 19365999 15986870 3379129 12607741 10.32 1.
ST_t-channel_antitop_4f_InclusiveDecays 178336000 172723859 5612141 167111718 80.95 1.
ST_t-channel_top_4f_InclusiveDecays 55989000 54226127 1762873 52463254 136.02 1.
ST_tW_antitop_5f_NoFullyHadronicDecays 10949620 10949351 269 10949082 35.85 0.54559
ST_tW_top_5f_NoFullyHadronicDecays 11270430 11270133 297 11269836 35.85 0.54559
TTWJetsToLNu 10450000 8058214 2391786 5666428 0.2043 1.
TTWJetsToQQ 970179 750253 219926 530327 0.4062 1.
TTZToLLNuNu_M-10 19608000 14629917 4978083 9651834 0.2529 1.
TTZToQQ 19816000 14835110 4980890 9854220 0.5297 1.
