TTbar_Signal 48104000 47908667 195333 47713334 98.04 1.
TTbar_Hadronic 104963000 104537827 425173 104112654 419.69 1.
TTbar_SemiLeptonic 146101000 145509349 591651 144917698 405.87 1.
DYto2L-2Jets_MLL-50_TuneCP5_13p6TeV_amcatnloFXFX-pythia8 205068372 170785809 34282563 136503246 6345.99 1.
DYJetsToLL_M-50_TuneCP5_13p6TeV-madgraphMLM-pythia8_M-50 47129856 47129856 0 47129856 5380.0 1.
WW_TuneCP5_13p6TeV_pythia8 63986968 63986968 0 63986968 80.23 1.
WZ_TuneCP5_13p6TeV_pythia8 30547825 30547825 0 30547825 29.1 1.
ZZ_TuneCP5_13p6TeV_pythia8 4800000 4800000 0 4800000 12.75 1.
TbarWplusto2L2Nu_TuneCP5_13p6TeV_powheg-pythia8 15000000 14999741 259 14999482 4.6511 1.
TbarWplustoLNu2Q_TuneCP5_13p6TeV_powheg-pythia8 29395659 29395138 521 29394617 19.2468 1.
TbarWplusto4Q_TuneCP5_13p6TeV_powheg-pythia8 24000000 23999566 434 23999132 19.9 1.
TWminusto2L2Nu_TuneCP5_13p6TeV_powheg-pythia8 14998000 14997733 267 14997466 4.6511 1.
TWminustoLNu2Q_TuneCP5_13p6TeV_powheg-pythia8 28763293 28762789 504 28762285 19.2468 1.
TWminusto4Q_TuneCP5_13p6TeV_powheg-pythia8 23999000 23998550 450 23998100 19.9 1.
