TTbar_Signal 470123263 468220038 1903225 466316813 98.04 1.
TTbar_Hadronic 472535695 470620878 1914817 468706061 419.69 1.
TTbar_SemiLeptonic 476713710 474781817 1931893 472849924 405.87 1.
WW 63986968 63986968 0 63986968 80.23 1.
WZ 30547825 30547825 0 30547825 29.1 1.
ZZ 4800000 4800000 0 4800000 12.75 1.
DYto2L-2Jets_Bin-1J-MLL-50-PTLL-100to200 227319605 176654063 50665542 125988521 41.84 1.
DYto2L-2Jets_Bin-1J-MLL-50-PTLL-200to400 22383959 18073998 4309961 13764037 2.865 1.
DYto2L-2Jets_Bin-1J-MLL-50-PTLL-400to600 10404540 8742126 1662414 7079712 0.09181 1.
DYto2L-2Jets_Bin-1J-MLL-50-PTLL-40to100 479655476 354435915 125219561 229216354 466.6 1.
DYto2L-2Jets_Bin-1J-MLL-50-PTLL-600 9996457 8620904 1375553 7245351 0.01034 1.
DYto2L-2Jets_Bin-2J-MLL-50-PTLL-100to200 246696940 163291589 83405351 79886238 50.98 1.
DYto2L-2Jets_Bin-2J-MLL-50-PTLL-200to400 44028174 29861425 14166749 15694676 7.052 1.
DYto2L-2Jets_Bin-2J-MLL-50-PTLL-400to600 9893470 6904687 2988783 3915904 0.4223 1.
DYto2L-2Jets_Bin-2J-MLL-50-PTLL-40to100 247167836 161039903 86127933 74911970 173.4 1.
DYto2L-2Jets_Bin-2J-MLL-50-PTLL-600 9801431 6989498 2811933 4177565 0.06839 1.
DYto2Mu-2Jets_Bin-MLL-10to50 144889491 126496882 18392609 108104273 21190.0 1.
DYto2Mu-2Jets_Bin-MLL-50 490076405 408462016 81614389 326847627 2240.0 1.
DYto2Mu-4Jets_Bin-MLL-10to50_TuneCP5_13p6TeV_madgraphMLM-pythia8 465720002 465720002 0 465720002 17410.0 1.
DYto2Mu-4Jets_Bin-MLL-50_TuneCP5_13p6TeV_madgraphMLM-pythia8 530955854 530955854 0 530955854 5447.0 1.
DYto2E-2Jets_Bin-MLL-10to50 139117188 121454805 17662383 103792422 21140.0 1.
DYto2E-2Jets_Bin-MLL-50 486448139 405425840 81022299 324403541 2244.0 1.
DYto2E-4Jets_Bin-MLL-10to50 403551955 403551955 0 403551955 17230.0 1.
DYto2E-4Jets_Bin-MLL-50 494826377 494826377 0 494826377 5481.0 1.
TbarWplusto2L2Nu 15000000 14999741 259 14999482 4.6511 1.
TbarWplustoLNu2Q 29395659 29395138 521 29394617 19.2468 1.
TbarWplusto4Q 24000000 23999566 434 23999132 19.9 1.
TWminusto2L2Nu 14998000 14997733 267 14997466 4.6511 1.
TWminustoLNu2Q 28763293 28762789 504 28762285 19.2468 1.
TWminusto4Q 23999000 23998550 450 23998100 19.9 1.
